#(id,from,to,speed,planTime)
(10000, 18, 50, 8, 3)
(10001, 51, 3, 8, 4)
(10002, 24, 64, 6, 4)
(10003, 6, 50, 2, 5)
(10004, 20, 62, 2, 7)
(10005, 38, 4, 8, 6)
(10006, 37, 4, 8, 2)
(10007, 55, 16, 2, 6)
(10008, 23, 63, 8, 7)
(10009, 36, 2, 2, 7)
(10010, 59, 7, 8, 4)
(10011, 19, 63, 6, 6)
(10012, 37, 3, 6, 5)
(10013, 23, 57, 8, 2)
(10014, 17, 53, 2, 4)
(10015, 57, 25, 2, 3)
(10016, 18, 53, 2, 5)
(10017, 47, 2, 8, 7)
(10018, 6, 47, 8, 1)
(10019, 33, 1, 4, 6)
(10020, 2, 58, 2, 7)
(10021, 31, 64, 2, 3)
(10022, 8, 63, 6, 7)
(10023, 1, 42, 8, 10)
(10024, 29, 61, 8, 7)
(10025, 53, 1, 8, 9)
(10026, 3, 35, 8, 4)
(10027, 7, 46, 6, 8)
(10028, 34, 1, 2, 8)
(10029, 21, 62, 6, 4)
(10030, 36, 3, 4, 7)
(10031, 1, 61, 4, 1)
(10032, 19, 57, 8, 2)
(10033, 53, 1, 4, 2)
(10034, 52, 10, 8, 8)
(10035, 37, 3, 6, 3)
(10036, 59, 12, 8, 4)
(10037, 14, 49, 8, 4)
(10038, 4, 41, 8, 2)
(10039, 40, 2, 6, 2)
(10040, 63, 27, 8, 5)
(10041, 26, 63, 2, 3)
(10042, 45, 4, 4, 6)
(10043, 23, 55, 8, 9)
(10044, 32, 64, 4, 8)
(10045, 56, 20, 2, 2)
(10046, 52, 5, 2, 8)
(10047, 61, 14, 2, 7)
(10048, 47, 4, 8, 7)
(10049, 51, 7, 6, 2)
(10050, 5, 48, 2, 10)
(10051, 62, 26, 8, 7)
(10052, 18, 59, 4, 9)
(10053, 41, 6, 8, 5)
(10054, 34, 2, 8, 7)
(10055, 13, 47, 6, 6)
(10056, 12, 54, 2, 10)
(10057, 8, 45, 4, 1)
(10058, 58, 17, 2, 1)
(10059, 39, 1, 2, 6)
(10060, 47, 8, 4, 2)
(10061, 35, 1, 6, 7)
(10062, 35, 1, 6, 4)
(10063, 46, 4, 2, 2)
(10064, 53, 16, 8, 10)
(10065, 9, 49, 8, 3)
(10066, 42, 9, 6, 4)
(10067, 17, 57, 8, 5)
(10068, 29, 64, 2, 1)
(10069, 36, 1, 8, 8)
(10070, 63, 22, 4, 9)
(10071, 44, 4, 2, 9)
(10072, 44, 5, 6, 6)
(10073, 55, 11, 2, 3)
(10074, 29, 64, 8, 8)
(10075, 49, 4, 2, 3)
(10076, 44, 4, 8, 5)
(10077, 27, 62, 2, 3)
(10078, 17, 63, 6, 3)
(10079, 44, 8, 2, 2)
(10080, 49, 17, 6, 6)
(10081, 28, 61, 2, 10)
(10082, 18, 58, 8, 1)
(10083, 27, 62, 2, 5)
(10084, 25, 60, 8, 2)
(10085, 38, 2, 6, 2)
(10086, 57, 13, 8, 10)
(10087, 26, 64, 4, 3)
(10088, 22, 56, 8, 1)
(10089, 41, 9, 2, 5)
(10090, 19, 60, 6, 7)
(10091, 22, 64, 6, 6)
(10092, 7, 41, 2, 3)
(10093, 20, 63, 8, 10)
(10094, 25, 59, 4, 10)
(10095, 41, 1, 4, 3)
(10096, 59, 5, 2, 3)
(10097, 42, 7, 8, 5)
(10098, 16, 60, 6, 2)
(10099, 9, 42, 6, 2)
(10100, 47, 1, 6, 6)
(10101, 55, 18, 8, 5)
(10102, 55, 19, 4, 1)
(10103, 6, 40, 6, 8)
(10104, 1, 49, 2, 2)
(10105, 44, 3, 2, 10)
(10106, 24, 61, 6, 7)
(10107, 35, 1, 2, 5)
(10108, 26, 61, 2, 9)
(10109, 31, 64, 4, 8)
(10110, 62, 2, 2, 3)
(10111, 55, 11, 4, 3)
(10112, 60, 19, 8, 6)
(10113, 35, 1, 2, 6)
(10114, 31, 63, 4, 2)
(10115, 10, 50, 6, 2)
(10116, 48, 7, 8, 8)
(10117, 62, 21, 8, 8)
(10118, 63, 22, 2, 6)
(10119, 35, 3, 2, 6)
(10120, 47, 7, 8, 2)
(10121, 20, 64, 8, 3)
(10122, 60, 1, 4, 2)
(10123, 20, 54, 2, 4)
(10124, 40, 2, 2, 3)
(10125, 20, 59, 8, 3)
(10126, 42, 10, 4, 8)
(10127, 5, 50, 4, 4)
(10128, 18, 63, 6, 7)
(10129, 29, 64, 2, 1)
(10130, 19, 64, 4, 5)
(10131, 45, 11, 2, 10)
(10132, 12, 60, 8, 2)
(10133, 39, 6, 4, 10)
(10134, 9, 49, 6, 2)
(10135, 20, 61, 4, 6)
(10136, 7, 42, 2, 9)
(10137, 23, 57, 4, 10)
(10138, 14, 46, 6, 10)
(10139, 41, 6, 4, 9)
(10140, 46, 9, 8, 2)
(10141, 17, 59, 6, 8)
(10142, 1, 57, 4, 7)
(10143, 56, 4, 8, 3)
(10144, 15, 63, 4, 9)
(10145, 60, 28, 6, 6)
(10146, 36, 1, 4, 6)
(10147, 20, 55, 8, 8)
(10148, 4, 36, 6, 2)
(10149, 48, 11, 4, 8)
(10150, 36, 4, 8, 3)
(10151, 18, 57, 8, 2)
(10152, 7, 51, 6, 4)
(10153, 20, 62, 4, 2)
(10154, 3, 39, 2, 5)
(10155, 2, 53, 4, 9)
(10156, 41, 5, 6, 5)
(10157, 3, 35, 6, 9)
(10158, 51, 7, 8, 9)
(10159, 49, 8, 6, 6)
(10160, 14, 58, 4, 4)
(10161, 3, 45, 2, 5)
(10162, 24, 64, 6, 9)
(10163, 59, 18, 4, 1)
(10164, 34, 1, 8, 5)
(10165, 35, 2, 8, 7)
(10166, 64, 4, 2, 4)
(10167, 14, 49, 8, 2)
(10168, 30, 64, 8, 10)
(10169, 55, 13, 6, 4)
(10170, 37, 2, 8, 10)
(10171, 13, 48, 4, 2)
(10172, 17, 52, 8, 5)
(10173, 14, 49, 8, 3)
(10174, 43, 9, 8, 5)
(10175, 19, 60, 2, 8)
(10176, 52, 18, 8, 10)
(10177, 1, 64, 2, 4)
(10178, 7, 39, 2, 5)
(10179, 38, 3, 6, 8)
(10180, 33, 1, 4, 8)
(10181, 61, 9, 6, 4)
(10182, 49, 4, 8, 9)
(10183, 15, 54, 4, 10)
(10184, 53, 1, 6, 3)
(10185, 18, 50, 6, 6)
(10186, 30, 64, 6, 5)
(10187, 12, 53, 8, 6)
(10188, 1, 51, 4, 1)
(10189, 28, 63, 4, 8)
(10190, 20, 56, 8, 10)
(10191, 31, 64, 8, 6)
(10192, 52, 12, 6, 1)
(10193, 39, 6, 6, 2)
(10194, 9, 64, 2, 2)
(10195, 58, 17, 4, 9)
(10196, 23, 56, 2, 2)
(10197, 26, 62, 6, 8)
(10198, 30, 64, 4, 6)
(10199, 3, 36, 8, 1)
(10200, 44, 6, 8, 2)
(10201, 34, 2, 6, 4)
(10202, 48, 8, 8, 7)
(10203, 33, 1, 8, 4)
(10204, 49, 11, 2, 3)
(10205, 64, 8, 6, 7)
(10206, 59, 15, 8, 4)
(10207, 41, 1, 8, 4)
(10208, 64, 17, 8, 4)
(10209, 44, 3, 8, 4)
(10210, 25, 64, 4, 3)
(10211, 10, 45, 8, 2)
(10212, 26, 62, 4, 8)
(10213, 41, 1, 8, 3)
(10214, 8, 47, 6, 3)
(10215, 32, 64, 8, 9)
(10216, 41, 7, 6, 8)
(10217, 9, 47, 2, 10)
(10218, 40, 3, 4, 6)
(10219, 4, 63, 8, 5)
(10220, 16, 50, 8, 1)
(10221, 36, 2, 8, 9)
(10222, 63, 25, 8, 10)
(10223, 25, 59, 6, 5)
(10224, 11, 47, 8, 4)
(10225, 58, 9, 8, 6)
(10226, 6, 52, 8, 3)
(10227, 53, 1, 6, 9)
(10228, 16, 62, 2, 10)
(10229, 61, 22, 4, 1)
(10230, 54, 7, 6, 8)
(10231, 6, 59, 6, 6)
(10232, 63, 18, 2, 6)
(10233, 18, 55, 4, 1)
(10234, 35, 2, 6, 7)
(10235, 64, 17, 6, 7)
(10236, 8, 49, 2, 1)
(10237, 26, 61, 8, 10)
(10238, 19, 52, 6, 8)
(10239, 3, 54, 2, 1)
(10240, 7, 50, 8, 1)
(10241, 14, 58, 6, 5)
(10242, 11, 63, 2, 6)
(10243, 17, 63, 8, 2)
(10244, 57, 3, 2, 8)
(10245, 51, 16, 4, 2)
(10246, 10, 48, 4, 5)
(10247, 5, 46, 8, 8)
(10248, 22, 62, 8, 6)
(10249, 44, 2, 2, 2)
(10250, 19, 57, 8, 5)
(10251, 30, 64, 8, 9)
(10252, 4, 61, 6, 9)
(10253, 39, 7, 8, 5)
(10254, 18, 54, 6, 1)
(10255, 23, 64, 2, 9)
(10256, 23, 57, 4, 4)
(10257, 13, 45, 8, 8)
(10258, 16, 49, 6, 3)
(10259, 34, 2, 4, 7)
(10260, 9, 63, 4, 5)
(10261, 61, 16, 6, 2)
(10262, 55, 10, 4, 3)
(10263, 27, 61, 6, 5)
(10264, 10, 59, 2, 7)
(10265, 15, 52, 8, 6)
(10266, 52, 14, 6, 10)
(10267, 30, 63, 4, 9)
(10268, 3, 38, 4, 6)
(10269, 22, 57, 6, 5)
(10270, 2, 54, 2, 3)
(10271, 21, 55, 8, 10)
(10272, 58, 11, 2, 9)
(10273, 41, 7, 2, 10)
(10274, 32, 64, 8, 7)
(10275, 43, 9, 4, 1)
(10276, 24, 59, 6, 4)
(10277, 33, 1, 2, 6)
(10278, 25, 58, 6, 10)
(10279, 55, 21, 2, 5)
(10280, 10, 60, 4, 4)
(10281, 61, 25, 4, 7)
(10282, 17, 49, 8, 9)
(10283, 10, 55, 4, 4)
(10284, 21, 58, 8, 9)
(10285, 8, 58, 8, 10)
(10286, 56, 15, 6, 6)
(10287, 15, 58, 6, 3)
(10288, 26, 64, 2, 4)
(10289, 10, 49, 2, 5)
(10290, 47, 8, 6, 5)
(10291, 47, 12, 4, 2)
(10292, 32, 64, 4, 10)
(10293, 34, 2, 2, 8)
(10294, 28, 64, 4, 8)
(10295, 53, 4, 2, 9)
(10296, 7, 60, 4, 8)
(10297, 9, 62, 2, 8)
(10298, 31, 64, 2, 9)
(10299, 30, 64, 2, 4)
(10300, 62, 22, 6, 10)
(10301, 53, 12, 6, 7)
(10302, 22, 63, 6, 9)
(10303, 16, 63, 8, 7)
(10304, 6, 38, 6, 7)
(10305, 62, 23, 6, 2)
(10306, 34, 2, 6, 10)
(10307, 64, 25, 2, 3)
(10308, 13, 59, 4, 2)
(10309, 13, 46, 6, 1)
(10310, 35, 1, 8, 3)
(10311, 12, 50, 4, 10)
(10312, 32, 64, 2, 1)
(10313, 43, 4, 4, 6)
(10314, 22, 55, 8, 8)
(10315, 37, 1, 2, 8)
(10316, 21, 62, 8, 7)
(10317, 54, 15, 6, 2)
(10318, 53, 4, 4, 7)
(10319, 26, 63, 2, 3)
(10320, 45, 7, 2, 3)
(10321, 57, 3, 8, 7)
(10322, 62, 28, 4, 4)
(10323, 5, 46, 2, 5)
(10324, 15, 58, 4, 7)
(10325, 25, 61, 8, 8)
(10326, 41, 9, 8, 10)
(10327, 33, 1, 2, 9)
(10328, 19, 61, 6, 7)
(10329, 63, 5, 8, 3)
(10330, 46, 8, 2, 3)
(10331, 21, 63, 6, 2)
(10332, 6, 62, 2, 2)
(10333, 58, 6, 6, 3)
(10334, 48, 3, 8, 5)
(10335, 48, 3, 4, 8)
(10336, 34, 1, 8, 4)
(10337, 7, 52, 6, 4)
(10338, 29, 62, 2, 2)
(10339, 16, 55, 8, 3)
(10340, 35, 2, 4, 7)
(10341, 43, 10, 4, 9)
(10342, 16, 49, 2, 2)
(10343, 33, 1, 4, 10)
(10344, 55, 10, 4, 5)
(10345, 39, 6, 8, 1)
(10346, 42, 9, 4, 5)
(10347, 41, 7, 4, 8)
(10348, 64, 4, 8, 6)
(10349, 37, 5, 2, 4)
(10350, 59, 20, 2, 4)
(10351, 53, 11, 4, 8)
(10352, 63, 17, 2, 7)
(10353, 63, 31, 4, 4)
(10354, 40, 1, 6, 3)
(10355, 7, 62, 6, 3)
(10356, 32, 64, 4, 6)
(10357, 1, 61, 2, 10)
(10358, 20, 58, 8, 3)
(10359, 41, 4, 6, 4)
(10360, 53, 9, 8, 4)
(10361, 64, 31, 6, 4)
(10362, 44, 6, 4, 3)
(10363, 39, 6, 8, 1)
(10364, 20, 57, 4, 3)
(10365, 22, 54, 6, 6)
(10366, 14, 61, 2, 6)
(10367, 23, 56, 8, 9)
(10368, 4, 47, 2, 2)
(10369, 43, 10, 8, 3)
(10370, 60, 4, 4, 8)
(10371, 40, 1, 2, 3)
(10372, 52, 14, 4, 9)
(10373, 59, 5, 4, 1)
(10374, 63, 3, 2, 8)
(10375, 52, 9, 2, 6)
(10376, 33, 1, 6, 1)
(10377, 17, 61, 8, 6)
(10378, 36, 2, 6, 8)
(10379, 62, 20, 6, 7)
(10380, 22, 61, 2, 5)
(10381, 46, 11, 6, 5)
(10382, 12, 53, 4, 1)
(10383, 19, 59, 8, 5)
(10384, 46, 5, 4, 9)
(10385, 21, 61, 4, 5)
(10386, 10, 56, 4, 2)
(10387, 45, 7, 8, 10)
(10388, 64, 6, 8, 3)
(10389, 37, 1, 4, 2)
(10390, 53, 21, 4, 6)
(10391, 46, 14, 8, 1)
(10392, 64, 19, 6, 3)
(10393, 6, 50, 6, 2)
(10394, 15, 55, 8, 4)
(10395, 31, 64, 4, 5)
(10396, 45, 7, 4, 9)
(10397, 56, 15, 8, 3)
(10398, 55, 7, 4, 1)
(10399, 40, 8, 8, 10)
(10400, 49, 7, 6, 4)
(10401, 30, 64, 6, 7)
(10402, 21, 54, 6, 5)
(10403, 35, 1, 4, 3)
(10404, 34, 2, 2, 6)
(10405, 3, 38, 6, 9)
(10406, 28, 64, 6, 8)
(10407, 44, 3, 8, 6)
(10408, 37, 2, 4, 9)
(10409, 26, 61, 4, 6)
(10410, 36, 4, 4, 3)
(10411, 18, 51, 6, 7)
(10412, 28, 60, 2, 3)
(10413, 34, 2, 4, 3)
(10414, 22, 58, 4, 4)
(10415, 56, 23, 6, 8)
(10416, 31, 64, 6, 4)
(10417, 19, 56, 6, 6)
(10418, 57, 23, 2, 10)
(10419, 36, 3, 4, 6)
(10420, 5, 47, 6, 3)
(10421, 60, 27, 6, 5)
(10422, 32, 64, 6, 3)
(10423, 56, 20, 4, 1)
(10424, 59, 19, 8, 5)
(10425, 1, 64, 4, 4)
(10426, 7, 57, 6, 3)
(10427, 8, 48, 2, 2)
(10428, 19, 58, 2, 7)
(10429, 31, 64, 6, 4)
(10430, 5, 37, 8, 6)
(10431, 55, 7, 6, 2)
(10432, 2, 64, 6, 9)
(10433, 18, 61, 4, 8)
(10434, 37, 5, 6, 3)
(10435, 27, 64, 2, 4)
(10436, 13, 56, 2, 8)
(10437, 55, 3, 8, 8)
(10438, 4, 37, 2, 1)
(10439, 51, 17, 2, 10)
(10440, 63, 29, 2, 7)
(10441, 7, 45, 2, 1)
(10442, 48, 6, 8, 3)
(10443, 10, 59, 6, 10)
(10444, 28, 60, 2, 2)
(10445, 47, 4, 8, 4)
(10446, 26, 59, 2, 7)
(10447, 33, 1, 6, 8)
(10448, 54, 22, 8, 7)
(10449, 32, 64, 8, 2)
(10450, 6, 55, 8, 7)
(10451, 44, 5, 6, 8)
(10452, 34, 1, 2, 10)
(10453, 21, 54, 6, 4)
(10454, 40, 8, 8, 2)
(10455, 48, 13, 4, 10)
(10456, 43, 6, 8, 5)
(10457, 56, 21, 6, 8)
(10458, 1, 41, 4, 5)
(10459, 51, 1, 4, 6)
(10460, 64, 29, 6, 10)
(10461, 52, 15, 6, 10)
(10462, 60, 2, 4, 9)
(10463, 28, 62, 8, 3)
(10464, 6, 45, 6, 9)
(10465, 48, 4, 8, 6)
(10466, 46, 12, 4, 8)
(10467, 60, 11, 4, 9)
(10468, 47, 8, 8, 8)
(10469, 19, 60, 8, 7)
(10470, 13, 55, 4, 5)
(10471, 7, 40, 8, 9)
(10472, 3, 58, 2, 10)
(10473, 16, 51, 8, 8)
(10474, 2, 57, 8, 10)
(10475, 60, 18, 2, 8)
(10476, 31, 64, 6, 2)
(10477, 41, 3, 6, 3)
(10478, 58, 22, 2, 4)
(10479, 30, 62, 8, 2)
(10480, 22, 62, 6, 10)
(10481, 20, 58, 4, 5)
(10482, 36, 1, 2, 4)
(10483, 36, 4, 4, 9)
(10484, 33, 1, 8, 6)
(10485, 2, 41, 4, 8)
(10486, 27, 61, 6, 5)
(10487, 24, 59, 4, 1)
(10488, 7, 41, 4, 2)
(10489, 40, 3, 4, 1)
(10490, 44, 2, 6, 10)
(10491, 34, 2, 2, 9)
(10492, 52, 6, 6, 5)
(10493, 59, 1, 4, 3)
(10494, 21, 62, 8, 10)
(10495, 4, 42, 6, 3)
(10496, 11, 52, 8, 6)
(10497, 34, 2, 2, 2)
(10498, 43, 4, 6, 10)
(10499, 9, 48, 8, 1)
(10500, 18, 54, 8, 10)
(10501, 54, 12, 8, 6)
(10502, 62, 22, 4, 3)
(10503, 4, 41, 8, 1)
(10504, 28, 63, 4, 2)
(10505, 43, 3, 2, 3)
(10506, 41, 1, 6, 6)
(10507, 35, 3, 2, 4)
(10508, 50, 6, 2, 10)
(10509, 27, 62, 6, 1)
(10510, 2, 52, 6, 9)
(10511, 31, 64, 4, 9)
(10512, 6, 59, 4, 7)
(10513, 53, 3, 2, 2)
(10514, 19, 57, 8, 3)
(10515, 5, 62, 2, 3)
(10516, 40, 5, 6, 4)
(10517, 20, 64, 2, 3)
(10518, 62, 29, 4, 6)
(10519, 57, 14, 8, 5)
(10520, 7, 42, 2, 3)
(10521, 60, 28, 6, 1)
(10522, 17, 50, 8, 6)
(10523, 27, 62, 6, 7)
(10524, 63, 3, 8, 2)
(10525, 36, 4, 2, 4)
(10526, 27, 61, 4, 2)
(10527, 19, 64, 6, 5)
(10528, 38, 1, 4, 2)
(10529, 52, 20, 6, 4)
(10530, 17, 62, 2, 10)
(10531, 36, 1, 2, 2)
(10532, 45, 6, 6, 10)
(10533, 62, 10, 4, 4)
(10534, 22, 55, 6, 3)
(10535, 62, 13, 4, 1)
(10536, 54, 2, 2, 6)
(10537, 50, 13, 6, 6)
(10538, 37, 4, 4, 1)
(10539, 32, 64, 4, 9)
(10540, 49, 8, 8, 9)
(10541, 12, 56, 2, 2)
(10542, 46, 4, 8, 2)
(10543, 35, 2, 8, 10)
(10544, 54, 9, 4, 10)
(10545, 13, 61, 8, 7)
(10546, 15, 60, 2, 5)
(10547, 56, 3, 2, 6)
(10548, 12, 48, 4, 10)
(10549, 11, 48, 2, 4)
(10550, 3, 51, 8, 9)
(10551, 40, 7, 8, 6)
(10552, 62, 3, 4, 3)
(10553, 28, 62, 2, 2)
(10554, 3, 47, 2, 1)
(10555, 57, 22, 4, 6)
(10556, 48, 4, 8, 5)
(10557, 64, 5, 4, 10)
(10558, 35, 1, 8, 9)
(10559, 44, 5, 4, 6)
(10560, 19, 62, 6, 5)
(10561, 13, 61, 4, 5)
(10562, 26, 62, 2, 7)
(10563, 45, 1, 6, 9)
(10564, 58, 11, 6, 8)
(10565, 42, 9, 6, 5)
(10566, 25, 62, 4, 8)
(10567, 60, 2, 6, 9)
(10568, 64, 29, 4, 9)
(10569, 21, 55, 6, 4)
(10570, 24, 62, 2, 4)
(10571, 8, 46, 2, 8)
(10572, 21, 58, 6, 7)
(10573, 32, 64, 8, 7)
(10574, 18, 55, 2, 1)
(10575, 28, 62, 4, 8)
(10576, 2, 36, 8, 1)
(10577, 6, 61, 4, 1)
(10578, 4, 61, 8, 10)
(10579, 43, 3, 4, 2)
(10580, 28, 60, 6, 4)
(10581, 25, 63, 8, 9)
(10582, 58, 17, 4, 1)
(10583, 13, 58, 8, 8)
(10584, 29, 63, 6, 4)
(10585, 49, 1, 2, 8)
(10586, 31, 64, 2, 1)
(10587, 27, 59, 4, 3)
(10588, 35, 1, 4, 8)
(10589, 25, 61, 4, 2)
(10590, 60, 12, 6, 1)
(10591, 39, 2, 2, 5)
(10592, 13, 53, 8, 3)
(10593, 60, 27, 4, 9)
(10594, 36, 3, 4, 4)
(10595, 8, 51, 2, 4)
(10596, 40, 5, 8, 10)
(10597, 17, 57, 2, 9)
(10598, 34, 2, 2, 5)
(10599, 47, 15, 2, 1)
(10600, 2, 39, 2, 9)
(10601, 53, 17, 8, 1)
(10602, 30, 63, 6, 8)
(10603, 5, 62, 8, 8)
(10604, 35, 2, 6, 1)
(10605, 62, 1, 8, 3)
(10606, 14, 54, 4, 9)
(10607, 15, 64, 8, 10)
(10608, 35, 2, 6, 6)
(10609, 62, 16, 2, 4)
(10610, 22, 56, 8, 5)
(10611, 36, 4, 2, 10)
(10612, 19, 59, 6, 8)
(10613, 15, 57, 2, 9)
(10614, 20, 63, 2, 1)
(10615, 16, 63, 6, 10)
(10616, 34, 1, 6, 3)
(10617, 44, 10, 8, 7)
(10618, 55, 17, 4, 8)
(10619, 7, 52, 6, 1)
(10620, 29, 64, 6, 10)
(10621, 42, 6, 4, 2)
(10622, 56, 1, 6, 10)
(10623, 42, 4, 6, 6)
(10624, 51, 11, 2, 7)
(10625, 8, 49, 2, 9)
(10626, 26, 60, 6, 2)
(10627, 50, 6, 2, 6)
(10628, 30, 63, 4, 7)
(10629, 44, 5, 8, 4)
(10630, 57, 24, 8, 10)
(10631, 12, 48, 4, 7)
(10632, 13, 61, 8, 7)
(10633, 9, 44, 6, 6)
(10634, 10, 60, 4, 10)
(10635, 54, 22, 4, 7)
(10636, 3, 61, 4, 9)
(10637, 53, 17, 6, 5)
(10638, 44, 7, 2, 7)
(10639, 43, 4, 4, 5)
(10640, 20, 60, 8, 10)
(10641, 36, 3, 2, 6)
(10642, 26, 58, 2, 6)
(10643, 57, 23, 4, 2)
(10644, 34, 2, 4, 7)
(10645, 61, 15, 4, 2)
(10646, 52, 19, 2, 3)
(10647, 59, 14, 8, 6)
(10648, 44, 10, 2, 2)
(10649, 39, 3, 8, 8)
(10650, 54, 9, 4, 7)
(10651, 23, 57, 8, 1)
(10652, 43, 1, 4, 9)
(10653, 56, 9, 6, 8)
(10654, 10, 43, 8, 5)
(10655, 53, 15, 8, 6)
(10656, 47, 6, 6, 3)
(10657, 37, 2, 2, 4)
(10658, 46, 9, 6, 5)
(10659, 62, 29, 8, 6)
(10660, 42, 9, 6, 8)
(10661, 4, 54, 2, 10)
(10662, 15, 49, 2, 10)
(10663, 48, 12, 4, 4)
(10664, 9, 50, 8, 5)
(10665, 59, 19, 8, 2)
(10666, 33, 1, 8, 10)
(10667, 27, 62, 6, 4)
(10668, 59, 6, 6, 9)
(10669, 61, 28, 8, 3)
(10670, 54, 8, 4, 5)
(10671, 59, 6, 4, 3)
(10672, 42, 10, 2, 7)
(10673, 25, 60, 4, 8)
(10674, 48, 2, 8, 5)
(10675, 16, 56, 2, 7)
(10676, 1, 39, 2, 1)
(10677, 58, 9, 8, 5)
(10678, 51, 16, 4, 10)
(10679, 48, 14, 8, 8)
(10680, 11, 60, 8, 9)
(10681, 1, 41, 2, 2)
(10682, 45, 9, 8, 5)
(10683, 2, 48, 4, 6)
(10684, 16, 55, 4, 3)
(10685, 17, 53, 8, 3)
(10686, 1, 47, 6, 4)
(10687, 13, 51, 2, 5)
(10688, 61, 15, 4, 5)
(10689, 63, 9, 2, 6)
(10690, 1, 63, 4, 10)
(10691, 2, 53, 6, 9)
(10692, 54, 17, 6, 9)
(10693, 27, 61, 6, 6)
(10694, 19, 63, 8, 4)
(10695, 38, 5, 4, 6)
(10696, 49, 12, 2, 5)
(10697, 30, 64, 8, 10)
(10698, 24, 58, 2, 9)
(10699, 19, 55, 6, 5)
(10700, 63, 21, 2, 8)
(10701, 28, 64, 8, 2)
(10702, 23, 62, 2, 2)
(10703, 35, 3, 8, 7)
(10704, 60, 27, 2, 2)
(10705, 39, 2, 2, 1)
(10706, 62, 4, 8, 9)
(10707, 50, 13, 4, 9)
(10708, 59, 1, 6, 8)
(10709, 35, 3, 2, 5)
(10710, 5, 55, 6, 9)
(10711, 29, 64, 2, 7)
(10712, 54, 7, 4, 6)
(10713, 50, 9, 4, 4)
(10714, 38, 3, 2, 10)
(10715, 46, 5, 2, 7)
(10716, 46, 1, 6, 10)
(10717, 23, 57, 4, 10)
(10718, 1, 39, 6, 10)
(10719, 13, 50, 6, 8)
(10720, 12, 55, 2, 3)
(10721, 52, 5, 8, 10)
(10722, 61, 21, 2, 4)
(10723, 36, 2, 8, 1)
(10724, 23, 62, 8, 4)
(10725, 24, 60, 8, 7)
(10726, 20, 59, 2, 4)
(10727, 38, 5, 4, 1)
(10728, 43, 4, 2, 9)
(10729, 48, 1, 2, 9)
(10730, 62, 6, 6, 9)
(10731, 38, 3, 2, 4)
(10732, 57, 18, 8, 6)
(10733, 52, 17, 8, 7)
(10734, 24, 57, 8, 5)
(10735, 18, 59, 4, 1)
(10736, 38, 6, 4, 6)
(10737, 33, 1, 8, 2)
(10738, 17, 55, 6, 9)
(10739, 22, 64, 8, 2)
(10740, 3, 63, 6, 6)
(10741, 30, 62, 2, 8)
(10742, 40, 8, 6, 8)
(10743, 21, 56, 2, 1)
(10744, 42, 3, 4, 6)
(10745, 48, 10, 8, 2)
(10746, 8, 63, 8, 5)
(10747, 39, 7, 4, 7)
(10748, 33, 1, 6, 6)
(10749, 41, 6, 6, 7)
(10750, 13, 61, 6, 2)
(10751, 1, 47, 8, 9)
(10752, 20, 61, 4, 10)
(10753, 17, 60, 6, 5)
(10754, 57, 4, 4, 5)
(10755, 55, 9, 8, 7)
(10756, 53, 16, 4, 3)
(10757, 7, 41, 6, 2)
(10758, 10, 50, 2, 3)
(10759, 18, 64, 6, 9)
(10760, 3, 44, 2, 1)
(10761, 3, 57, 6, 8)
(10762, 42, 5, 2, 1)
(10763, 64, 20, 8, 5)
(10764, 64, 7, 4, 3)
(10765, 3, 58, 2, 7)
(10766, 37, 2, 4, 3)
(10767, 2, 49, 2, 4)
(10768, 56, 7, 6, 6)
(10769, 38, 5, 4, 10)
(10770, 50, 16, 2, 6)
(10771, 26, 61, 2, 3)
(10772, 7, 39, 6, 7)
(10773, 17, 63, 6, 2)
(10774, 63, 24, 8, 2)
(10775, 31, 64, 8, 5)
(10776, 38, 4, 4, 5)
(10777, 34, 1, 6, 4)
(10778, 22, 60, 6, 1)
(10779, 3, 54, 8, 2)
(10780, 42, 9, 8, 3)
(10781, 38, 5, 6, 4)
(10782, 38, 6, 8, 5)
(10783, 40, 1, 6, 8)
(10784, 7, 41, 6, 9)
(10785, 19, 51, 2, 7)
(10786, 36, 4, 8, 3)
(10787, 25, 59, 4, 2)
(10788, 28, 62, 8, 10)
(10789, 19, 58, 6, 1)
(10790, 1, 53, 4, 5)
(10791, 25, 57, 6, 8)
(10792, 30, 64, 8, 5)
(10793, 2, 50, 2, 9)
(10794, 60, 20, 6, 8)
(10795, 14, 46, 8, 4)
(10796, 54, 12, 8, 5)
(10797, 37, 3, 2, 6)
(10798, 2, 53, 8, 10)
(10799, 13, 55, 8, 3)
(10800, 60, 4, 6, 3)
(10801, 11, 60, 6, 1)
(10802, 10, 55, 4, 3)
(10803, 12, 46, 2, 10)
(10804, 63, 3, 6, 9)
(10805, 23, 59, 6, 2)
(10806, 7, 45, 6, 6)
(10807, 20, 60, 4, 1)
(10808, 10, 57, 6, 7)
(10809, 56, 3, 2, 4)
(10810, 16, 54, 6, 1)
(10811, 55, 6, 8, 10)
(10812, 57, 9, 4, 3)
(10813, 17, 55, 2, 3)
(10814, 4, 53, 4, 1)
(10815, 31, 63, 8, 10)
(10816, 50, 16, 4, 4)
(10817, 58, 3, 6, 7)
(10818, 44, 8, 2, 3)
(10819, 37, 4, 8, 7)
(10820, 11, 53, 4, 5)
(10821, 38, 2, 6, 8)
(10822, 56, 18, 4, 6)
(10823, 23, 64, 4, 6)
(10824, 40, 7, 4, 3)
(10825, 52, 5, 4, 1)
(10826, 10, 62, 2, 5)
(10827, 42, 8, 4, 8)
(10828, 41, 8, 6, 1)
(10829, 50, 8, 6, 5)
(10830, 19, 63, 8, 8)
(10831, 45, 12, 4, 1)
(10832, 8, 50, 4, 6)
(10833, 30, 64, 6, 5)
(10834, 15, 63, 6, 9)
(10835, 51, 6, 6, 9)
(10836, 53, 14, 2, 1)
(10837, 24, 62, 8, 4)
(10838, 54, 20, 8, 1)
(10839, 2, 37, 4, 4)
(10840, 14, 60, 4, 6)
(10841, 22, 60, 2, 6)
(10842, 45, 13, 4, 8)
(10843, 39, 6, 8, 7)
(10844, 40, 8, 2, 9)
(10845, 15, 62, 8, 7)
(10846, 15, 60, 8, 8)
(10847, 26, 64, 2, 6)
(10848, 21, 59, 8, 3)
(10849, 25, 61, 6, 3)
(10850, 28, 63, 4, 5)
(10851, 1, 34, 8, 10)
(10852, 56, 17, 4, 10)
(10853, 41, 2, 6, 3)
(10854, 29, 61, 6, 7)
(10855, 47, 8, 4, 2)
(10856, 13, 54, 8, 10)
(10857, 36, 4, 4, 10)
(10858, 29, 64, 8, 7)
(10859, 52, 16, 4, 9)
(10860, 26, 58, 6, 1)
(10861, 12, 61, 8, 1)
(10862, 20, 52, 4, 5)
(10863, 18, 64, 4, 2)
(10864, 46, 10, 8, 7)
(10865, 32, 64, 6, 4)
(10866, 30, 62, 6, 2)
(10867, 18, 54, 6, 2)
(10868, 3, 62, 4, 5)
(10869, 50, 15, 6, 6)
(10870, 29, 64, 4, 8)
(10871, 54, 14, 8, 9)
(10872, 34, 1, 2, 5)
(10873, 31, 63, 6, 5)
(10874, 1, 51, 6, 4)
(10875, 1, 49, 4, 8)
(10876, 49, 12, 2, 8)
(10877, 43, 8, 8, 7)
(10878, 64, 18, 6, 5)
(10879, 34, 1, 4, 9)
(10880, 35, 2, 2, 9)
(10881, 29, 63, 4, 9)
(10882, 60, 25, 6, 1)
(10883, 7, 61, 4, 9)
(10884, 2, 46, 4, 3)
(10885, 33, 1, 4, 8)
(10886, 58, 3, 6, 1)
(10887, 39, 7, 8, 5)
(10888, 55, 16, 8, 1)
(10889, 45, 13, 2, 4)
(10890, 5, 47, 6, 7)
(10891, 61, 4, 8, 1)
(10892, 44, 6, 2, 7)
(10893, 20, 54, 4, 1)
(10894, 50, 6, 4, 2)
(10895, 8, 47, 8, 4)
(10896, 64, 6, 8, 8)
(10897, 38, 2, 6, 7)
(10898, 24, 60, 6, 7)
(10899, 25, 61, 6, 3)
(10900, 17, 55, 8, 5)
(10901, 46, 5, 2, 3)
(10902, 35, 1, 6, 9)
(10903, 6, 43, 6, 8)
(10904, 3, 60, 4, 1)
(10905, 10, 64, 2, 5)
(10906, 58, 16, 2, 2)
(10907, 52, 14, 8, 8)
(10908, 60, 12, 6, 6)
(10909, 40, 7, 8, 8)
(10910, 31, 64, 6, 5)
(10911, 63, 2, 8, 1)
(10912, 3, 44, 4, 3)
(10913, 9, 56, 8, 9)
(10914, 48, 13, 6, 4)
(10915, 29, 64, 6, 2)
(10916, 29, 63, 6, 4)
(10917, 34, 2, 2, 2)
(10918, 59, 5, 2, 1)
(10919, 29, 64, 6, 10)
(10920, 2, 61, 8, 2)
(10921, 24, 63, 4, 2)
(10922, 32, 64, 6, 9)
(10923, 34, 2, 6, 7)
(10924, 36, 1, 8, 3)
(10925, 61, 6, 2, 9)
(10926, 38, 4, 4, 7)
(10927, 9, 47, 2, 7)
(10928, 43, 7, 2, 7)
(10929, 36, 2, 2, 2)
(10930, 16, 53, 2, 3)
(10931, 10, 61, 4, 6)
(10932, 47, 9, 6, 9)
(10933, 48, 1, 8, 7)
(10934, 8, 59, 4, 2)
(10935, 58, 10, 4, 8)
(10936, 25, 58, 6, 4)
(10937, 18, 60, 8, 4)
(10938, 16, 60, 8, 5)
(10939, 4, 49, 8, 7)
(10940, 62, 11, 8, 7)
(10941, 36, 3, 2, 9)
(10942, 16, 61, 6, 1)
(10943, 22, 58, 8, 2)
(10944, 16, 60, 6, 7)
(10945, 41, 9, 8, 8)
(10946, 12, 53, 2, 3)
(10947, 52, 17, 6, 1)
(10948, 27, 61, 2, 10)
(10949, 50, 1, 6, 4)
(10950, 15, 57, 8, 1)
(10951, 5, 56, 8, 1)
(10952, 58, 17, 2, 4)
(10953, 32, 64, 4, 4)
(10954, 24, 64, 8, 10)
(10955, 62, 11, 6, 3)
(10956, 18, 62, 8, 8)
(10957, 33, 1, 4, 3)
(10958, 43, 3, 2, 9)
(10959, 51, 14, 2, 1)
(10960, 51, 17, 4, 10)
(10961, 5, 48, 8, 7)
(10962, 63, 9, 6, 10)
(10963, 58, 10, 2, 9)
(10964, 28, 61, 6, 1)
(10965, 44, 3, 2, 8)
(10966, 28, 62, 8, 7)
(10967, 41, 3, 2, 8)
(10968, 48, 8, 8, 8)
(10969, 9, 54, 6, 3)
(10970, 12, 45, 2, 8)
(10971, 18, 57, 8, 1)
(10972, 33, 1, 4, 10)
(10973, 21, 62, 4, 1)
(10974, 23, 57, 8, 5)
(10975, 50, 13, 4, 4)
(10976, 6, 54, 8, 1)
(10977, 50, 16, 6, 3)
(10978, 6, 40, 2, 9)
(10979, 52, 6, 2, 8)
(10980, 53, 5, 6, 1)
(10981, 47, 15, 4, 3)
(10982, 25, 64, 4, 3)
(10983, 34, 2, 4, 6)
(10984, 37, 1, 4, 1)
(10985, 48, 7, 4, 4)
(10986, 53, 12, 6, 7)
(10987, 17, 64, 8, 2)
(10988, 60, 17, 2, 1)
(10989, 23, 62, 6, 1)
(10990, 29, 63, 6, 4)
(10991, 34, 1, 6, 3)
(10992, 19, 60, 6, 7)
(10993, 32, 64, 6, 6)
(10994, 29, 62, 8, 5)
(10995, 15, 49, 8, 5)
(10996, 52, 16, 2, 9)
(10997, 6, 43, 6, 3)
(10998, 49, 14, 6, 5)
(10999, 35, 3, 4, 4)
(11000, 36, 3, 6, 3)
(11001, 58, 4, 8, 10)
(11002, 15, 50, 6, 1)
(11003, 47, 12, 8, 1)
(11004, 1, 43, 6, 10)
(11005, 28, 60, 6, 8)
(11006, 26, 64, 6, 9)
(11007, 40, 4, 6, 3)
(11008, 64, 15, 4, 6)
(11009, 56, 15, 6, 1)
(11010, 2, 54, 2, 6)
(11011, 23, 56, 6, 7)
(11012, 37, 1, 8, 5)
(11013, 16, 64, 8, 6)
(11014, 64, 13, 4, 8)
(11015, 16, 49, 2, 4)
(11016, 47, 13, 6, 10)
(11017, 17, 60, 6, 3)
(11018, 26, 61, 8, 8)
(11019, 1, 54, 6, 5)
(11020, 45, 13, 2, 4)
(11021, 42, 3, 6, 2)
(11022, 41, 1, 8, 6)
(11023, 13, 54, 8, 9)
(11024, 11, 52, 6, 4)
(11025, 52, 8, 2, 4)
(11026, 60, 25, 4, 4)
(11027, 21, 56, 4, 7)
(11028, 35, 3, 2, 10)
(11029, 63, 22, 8, 2)
(11030, 9, 48, 4, 5)
(11031, 16, 58, 4, 2)
(11032, 51, 6, 4, 3)
(11033, 15, 58, 2, 9)
(11034, 3, 47, 8, 1)
(11035, 46, 1, 8, 3)
(11036, 47, 6, 4, 10)
(11037, 42, 4, 8, 5)
(11038, 51, 10, 2, 5)
(11039, 11, 54, 8, 2)
(11040, 18, 52, 8, 2)
(11041, 15, 55, 8, 8)
(11042, 57, 8, 4, 4)
(11043, 32, 64, 6, 1)
(11044, 22, 54, 8, 3)
(11045, 56, 8, 4, 4)
(11046, 19, 64, 2, 6)
(11047, 22, 62, 8, 5)
(11048, 26, 60, 2, 2)
(11049, 56, 5, 8, 3)
(11050, 32, 64, 4, 9)
(11051, 24, 56, 4, 7)
(11052, 28, 61, 6, 9)
(11053, 51, 19, 8, 3)
(11054, 33, 1, 6, 9)
(11055, 19, 51, 8, 1)
(11056, 38, 2, 4, 8)
(11057, 16, 50, 6, 1)
(11058, 46, 12, 6, 4)
(11059, 64, 12, 4, 10)
(11060, 51, 7, 6, 2)
(11061, 21, 62, 4, 10)
(11062, 57, 20, 6, 8)
(11063, 1, 61, 2, 4)
(11064, 11, 60, 8, 3)
(11065, 6, 64, 8, 7)
(11066, 29, 62, 6, 6)
(11067, 3, 62, 8, 2)
(11068, 28, 64, 6, 9)
(11069, 14, 50, 6, 4)
(11070, 17, 51, 8, 4)
(11071, 35, 3, 6, 6)
(11072, 5, 46, 8, 5)
(11073, 27, 59, 8, 10)
(11074, 31, 64, 6, 8)
(11075, 35, 3, 4, 8)
(11076, 20, 64, 8, 8)
(11077, 35, 1, 8, 7)
(11078, 14, 46, 8, 8)
(11079, 1, 44, 4, 8)
(11080, 24, 56, 2, 3)
(11081, 21, 53, 4, 3)
(11082, 8, 45, 6, 9)
(11083, 46, 12, 8, 1)
(11084, 30, 63, 6, 5)
(11085, 64, 12, 4, 9)
(11086, 6, 38, 8, 1)
(11087, 8, 61, 2, 4)
(11088, 54, 18, 4, 7)
(11089, 2, 51, 6, 5)
(11090, 43, 3, 8, 6)
(11091, 23, 59, 2, 4)
(11092, 7, 48, 2, 3)
(11093, 19, 64, 8, 3)
(11094, 10, 64, 2, 3)
(11095, 64, 30, 4, 6)
(11096, 44, 8, 6, 3)
(11097, 53, 2, 2, 7)
(11098, 55, 1, 2, 1)
(11099, 8, 57, 8, 6)
(11100, 64, 7, 4, 7)
(11101, 30, 62, 4, 1)
(11102, 58, 12, 4, 3)
(11103, 1, 49, 4, 4)
(11104, 28, 63, 8, 3)
(11105, 41, 5, 8, 2)
(11106, 3, 40, 4, 4)
(11107, 61, 19, 4, 1)
(11108, 63, 3, 4, 3)
(11109, 10, 50, 8, 5)
(11110, 34, 2, 2, 5)
(11111, 30, 62, 8, 2)
(11112, 21, 63, 8, 1)
(11113, 21, 61, 6, 8)
(11114, 4, 41, 4, 9)
(11115, 23, 62, 8, 2)
(11116, 49, 4, 4, 10)
(11117, 11, 57, 8, 3)
(11118, 38, 2, 8, 5)
(11119, 40, 6, 6, 6)
(11120, 61, 18, 8, 5)
(11121, 64, 22, 2, 2)
(11122, 6, 56, 6, 7)
(11123, 54, 20, 2, 1)
(11124, 18, 58, 4, 9)
(11125, 51, 11, 8, 8)
(11126, 2, 49, 6, 6)
(11127, 32, 64, 2, 2)
(11128, 20, 52, 6, 9)
(11129, 40, 1, 2, 2)
(11130, 57, 4, 8, 2)
(11131, 44, 4, 8, 7)
(11132, 61, 27, 6, 7)
(11133, 45, 12, 2, 10)
(11134, 55, 11, 8, 5)
(11135, 24, 59, 6, 5)
(11136, 39, 1, 6, 5)
(11137, 44, 10, 8, 8)
(11138, 3, 51, 4, 1)
(11139, 56, 5, 2, 9)
(11140, 49, 9, 4, 10)
(11141, 21, 61, 6, 1)
(11142, 43, 6, 2, 5)
(11143, 22, 60, 6, 9)
(11144, 46, 8, 6, 7)
(11145, 9, 56, 4, 8)
(11146, 20, 64, 4, 3)
(11147, 21, 55, 8, 10)
(11148, 57, 8, 8, 6)
(11149, 10, 63, 6, 1)
(11150, 11, 48, 2, 7)
(11151, 50, 17, 6, 2)
(11152, 20, 64, 4, 1)
(11153, 31, 63, 4, 8)
(11154, 58, 19, 8, 3)
(11155, 47, 9, 2, 5)
(11156, 27, 61, 2, 4)
(11157, 34, 1, 6, 3)
(11158, 51, 8, 2, 5)
(11159, 28, 64, 8, 6)
(11160, 56, 19, 6, 1)
(11161, 39, 1, 2, 8)
(11162, 56, 13, 4, 7)
(11163, 29, 64, 2, 10)
(11164, 29, 63, 6, 5)
(11165, 17, 59, 8, 9)
(11166, 54, 2, 8, 7)
(11167, 36, 3, 8, 7)
(11168, 26, 62, 8, 10)
(11169, 18, 51, 4, 4)
(11170, 40, 6, 4, 4)
(11171, 18, 63, 6, 4)
(11172, 4, 60, 6, 9)
(11173, 41, 9, 4, 5)
(11174, 61, 15, 8, 7)
(11175, 36, 2, 2, 9)
(11176, 20, 59, 4, 3)
(11177, 11, 48, 6, 7)
(11178, 18, 53, 8, 2)
(11179, 10, 62, 6, 2)
(11180, 1, 56, 2, 8)
(11181, 56, 17, 8, 6)
(11182, 3, 60, 8, 3)
(11183, 15, 58, 8, 7)
(11184, 56, 5, 2, 6)
(11185, 56, 4, 4, 2)
(11186, 15, 53, 2, 9)
(11187, 34, 1, 2, 10)
(11188, 44, 4, 8, 5)
(11189, 42, 6, 4, 6)
(11190, 49, 1, 8, 9)
(11191, 45, 7, 2, 8)
(11192, 57, 2, 2, 10)
(11193, 2, 51, 6, 4)
(11194, 36, 4, 4, 6)
(11195, 44, 9, 4, 8)
(11196, 60, 15, 6, 9)
(11197, 5, 58, 2, 5)
(11198, 1, 46, 2, 10)
(11199, 21, 59, 6, 6)
(11200, 35, 1, 8, 5)
(11201, 55, 17, 2, 8)
(11202, 42, 8, 6, 2)
(11203, 38, 3, 6, 9)
(11204, 58, 6, 4, 10)
(11205, 32, 64, 2, 7)
(11206, 24, 58, 8, 9)
(11207, 64, 32, 8, 4)
(11208, 14, 60, 6, 3)
(11209, 30, 63, 6, 8)
(11210, 6, 54, 2, 2)
(11211, 31, 63, 4, 9)
(11212, 41, 7, 4, 4)
(11213, 36, 4, 4, 1)
(11214, 59, 16, 4, 6)
(11215, 51, 14, 2, 10)
(11216, 30, 63, 8, 7)
(11217, 63, 28, 8, 3)
(11218, 49, 11, 6, 7)
(11219, 21, 58, 4, 10)
(11220, 61, 15, 4, 9)
(11221, 48, 9, 8, 3)
(11222, 4, 43, 4, 6)
(11223, 64, 31, 2, 1)
(11224, 21, 56, 6, 4)
(11225, 46, 14, 6, 3)
(11226, 7, 60, 4, 5)
(11227, 22, 58, 2, 5)
(11228, 40, 5, 2, 9)
(11229, 30, 63, 2, 10)
(11230, 8, 56, 6, 9)
(11231, 36, 2, 8, 8)
(11232, 40, 4, 8, 7)
(11233, 24, 59, 6, 1)
(11234, 42, 2, 2, 1)
(11235, 17, 56, 2, 4)
(11236, 31, 63, 2, 9)
(11237, 58, 17, 4, 7)
(11238, 6, 38, 4, 7)
(11239, 34, 2, 6, 10)
(11240, 7, 57, 2, 9)
(11241, 3, 53, 4, 2)
(11242, 45, 10, 6, 10)
(11243, 61, 5, 6, 2)
(11244, 17, 58, 4, 5)
(11245, 49, 10, 6, 1)
(11246, 5, 48, 4, 8)
(11247, 23, 57, 6, 5)
(11248, 38, 2, 2, 5)
(11249, 3, 53, 2, 4)
(11250, 12, 44, 6, 8)
(11251, 35, 1, 4, 1)
(11252, 13, 63, 8, 3)
(11253, 14, 63, 4, 6)
(11254, 15, 58, 8, 9)
(11255, 7, 47, 4, 5)
(11256, 15, 52, 4, 1)
(11257, 18, 51, 8, 4)
(11258, 46, 8, 8, 9)
(11259, 9, 51, 6, 10)
(11260, 25, 62, 8, 5)
(11261, 39, 6, 6, 6)
(11262, 21, 55, 4, 6)
(11263, 38, 2, 8, 1)
(11264, 26, 63, 2, 2)
(11265, 11, 58, 2, 6)
(11266, 5, 47, 6, 4)
(11267, 22, 59, 2, 5)
(11268, 16, 52, 4, 8)
(11269, 4, 37, 8, 10)
(11270, 26, 60, 2, 2)
(11271, 40, 6, 6, 4)
(11272, 39, 6, 2, 5)
(11273, 34, 1, 4, 9)
(11274, 35, 2, 8, 7)
(11275, 43, 8, 8, 9)
(11276, 41, 4, 8, 9)
(11277, 51, 16, 6, 7)
(11278, 4, 56, 4, 5)
(11279, 52, 15, 2, 4)
(11280, 47, 8, 8, 2)
(11281, 6, 51, 2, 4)
(11282, 62, 29, 6, 9)
(11283, 27, 61, 4, 2)
(11284, 61, 21, 4, 7)
(11285, 26, 61, 6, 9)
(11286, 4, 41, 4, 2)
(11287, 23, 64, 2, 3)
(11288, 15, 63, 8, 7)
(11289, 42, 7, 8, 2)
(11290, 37, 4, 8, 1)
(11291, 6, 42, 6, 10)
(11292, 1, 53, 8, 5)
(11293, 50, 8, 4, 7)
(11294, 7, 56, 8, 6)
(11295, 16, 52, 4, 2)
(11296, 15, 64, 8, 8)
(11297, 6, 53, 6, 2)
(11298, 63, 1, 2, 2)
(11299, 46, 7, 4, 10)
(11300, 48, 5, 6, 10)
(11301, 58, 14, 6, 4)
(11302, 64, 21, 4, 2)
(11303, 29, 61, 4, 8)
(11304, 63, 30, 2, 8)
(11305, 55, 8, 2, 6)
(11306, 8, 62, 4, 8)
(11307, 35, 2, 6, 7)
(11308, 8, 60, 6, 7)
(11309, 37, 4, 2, 1)
(11310, 22, 56, 8, 7)
(11311, 61, 27, 2, 2)
(11312, 27, 64, 2, 6)
(11313, 46, 8, 4, 9)
(11314, 19, 56, 8, 1)
(11315, 47, 4, 6, 5)
(11316, 17, 57, 8, 6)
(11317, 34, 1, 2, 5)
(11318, 28, 64, 4, 1)
(11319, 15, 49, 2, 1)
(11320, 4, 58, 2, 5)
(11321, 30, 62, 8, 9)
(11322, 10, 55, 8, 10)
(11323, 61, 9, 8, 6)
(11324, 9, 52, 4, 4)
(11325, 40, 3, 6, 8)
(11326, 46, 8, 6, 7)
(11327, 18, 57, 4, 4)
(11328, 5, 58, 4, 4)
(11329, 9, 53, 8, 10)
(11330, 53, 9, 2, 8)
(11331, 12, 62, 2, 6)
(11332, 55, 21, 8, 1)
(11333, 39, 7, 4, 10)
(11334, 10, 60, 8, 4)
(11335, 53, 12, 2, 8)
(11336, 55, 11, 2, 6)
(11337, 10, 50, 8, 7)
(11338, 25, 64, 6, 1)
(11339, 10, 53, 8, 7)
(11340, 15, 48, 2, 8)
(11341, 11, 43, 8, 3)
(11342, 17, 52, 6, 8)
(11343, 14, 47, 8, 10)
(11344, 55, 8, 6, 8)
(11345, 34, 1, 6, 2)
(11346, 51, 1, 6, 10)
(11347, 41, 7, 6, 10)
(11348, 16, 51, 6, 3)
(11349, 18, 63, 6, 3)
(11350, 52, 3, 6, 6)
(11351, 25, 59, 2, 5)
(11352, 7, 44, 6, 2)
(11353, 24, 56, 4, 4)
(11354, 9, 61, 4, 8)
(11355, 13, 48, 2, 6)
(11356, 58, 15, 2, 4)
(11357, 41, 7, 2, 1)
(11358, 44, 1, 4, 2)
(11359, 2, 58, 2, 5)
(11360, 61, 20, 4, 10)
(11361, 9, 47, 6, 5)
(11362, 11, 58, 2, 7)
(11363, 49, 13, 6, 9)
(11364, 2, 47, 6, 6)
(11365, 3, 51, 4, 1)
(11366, 63, 21, 6, 8)
(11367, 53, 20, 4, 10)
(11368, 13, 45, 6, 3)
(11369, 9, 41, 6, 3)
(11370, 28, 62, 8, 7)
(11371, 45, 6, 6, 3)
(11372, 41, 6, 2, 5)
(11373, 23, 55, 8, 9)
(11374, 20, 54, 6, 2)
(11375, 19, 63, 6, 6)
(11376, 42, 4, 2, 9)
(11377, 47, 1, 2, 9)
(11378, 37, 3, 6, 7)
(11379, 55, 21, 4, 6)
(11380, 36, 3, 6, 8)
(11381, 64, 2, 4, 8)
(11382, 4, 58, 2, 2)
(11383, 61, 26, 6, 4)
(11384, 56, 5, 6, 9)
(11385, 40, 4, 2, 3)
(11386, 17, 61, 8, 6)
(11387, 21, 64, 4, 1)
(11388, 37, 1, 2, 9)
(11389, 7, 50, 2, 6)
(11390, 60, 7, 2, 3)
(11391, 22, 61, 4, 5)
(11392, 48, 5, 8, 4)
(11393, 40, 7, 2, 4)
(11394, 44, 6, 4, 9)
(11395, 12, 53, 8, 6)
(11396, 15, 50, 6, 3)
(11397, 27, 61, 2, 9)
(11398, 59, 3, 2, 5)
(11399, 56, 4, 2, 7)
(11400, 58, 13, 4, 4)
(11401, 57, 15, 2, 5)
(11402, 59, 5, 4, 1)
(11403, 9, 42, 8, 3)
(11404, 53, 10, 6, 1)
(11405, 37, 4, 8, 2)
(11406, 46, 13, 6, 9)
(11407, 62, 7, 8, 7)
(11408, 5, 52, 4, 7)
(11409, 53, 21, 6, 3)
(11410, 55, 19, 8, 10)
(11411, 25, 58, 2, 7)
(11412, 60, 13, 4, 3)
(11413, 26, 61, 2, 2)
(11414, 17, 56, 6, 8)
(11415, 43, 7, 8, 2)
(11416, 61, 24, 2, 7)
(11417, 24, 56, 4, 6)
(11418, 54, 18, 4, 8)
(11419, 1, 51, 8, 1)
(11420, 43, 3, 6, 3)
(11421, 21, 55, 6, 4)
(11422, 27, 64, 6, 10)
(11423, 39, 5, 2, 5)
(11424, 41, 4, 4, 3)
(11425, 38, 5, 2, 8)
(11426, 20, 62, 4, 10)
(11427, 40, 8, 8, 6)
(11428, 2, 58, 6, 5)
(11429, 1, 50, 4, 2)
(11430, 11, 58, 8, 9)
(11431, 51, 8, 8, 10)
(11432, 15, 53, 2, 9)
(11433, 18, 61, 6, 5)
(11434, 24, 61, 6, 5)
(11435, 3, 39, 4, 5)
(11436, 19, 57, 4, 5)
(11437, 27, 61, 6, 1)
(11438, 61, 8, 8, 4)
(11439, 24, 62, 2, 3)
(11440, 1, 55, 6, 2)
(11441, 15, 59, 4, 3)
(11442, 64, 27, 8, 9)
(11443, 36, 4, 8, 4)
(11444, 34, 2, 6, 1)
(11445, 35, 1, 4, 9)
(11446, 41, 4, 4, 9)
(11447, 45, 12, 4, 8)
(11448, 16, 59, 8, 10)
(11449, 42, 2, 8, 4)
(11450, 14, 53, 4, 4)
(11451, 6, 57, 2, 8)
(11452, 42, 9, 6, 10)
(11453, 37, 1, 4, 3)
(11454, 60, 23, 4, 7)
(11455, 3, 58, 8, 6)
(11456, 19, 62, 6, 8)
(11457, 25, 61, 8, 7)
(11458, 50, 3, 8, 8)
(11459, 10, 59, 4, 4)
(11460, 2, 40, 2, 5)
(11461, 9, 44, 8, 3)
(11462, 38, 3, 8, 7)
(11463, 50, 11, 6, 1)
(11464, 10, 49, 6, 10)
(11465, 59, 4, 6, 9)
(11466, 9, 58, 8, 7)
(11467, 31, 63, 2, 3)
(11468, 4, 51, 6, 8)
(11469, 2, 40, 8, 9)
(11470, 50, 2, 8, 8)
(11471, 64, 11, 8, 9)
(11472, 51, 14, 2, 6)
(11473, 54, 2, 4, 6)
(11474, 51, 17, 2, 7)
(11475, 13, 56, 8, 6)
(11476, 24, 58, 4, 10)
(11477, 30, 64, 8, 5)
(11478, 9, 58, 4, 1)
(11479, 60, 9, 8, 10)
(11480, 45, 1, 2, 10)
(11481, 41, 2, 6, 1)
(11482, 33, 1, 6, 6)
(11483, 4, 63, 4, 6)
(11484, 50, 9, 6, 1)
(11485, 64, 15, 4, 10)
(11486, 37, 1, 6, 2)
(11487, 9, 47, 2, 10)
(11488, 54, 18, 4, 4)
(11489, 35, 1, 6, 6)
(11490, 58, 4, 2, 10)
(11491, 54, 13, 8, 4)
(11492, 27, 63, 4, 1)
(11493, 24, 59, 8, 1)
(11494, 52, 3, 2, 7)
(11495, 47, 6, 6, 8)
(11496, 62, 2, 8, 4)
(11497, 4, 46, 6, 9)
(11498, 3, 54, 2, 4)
(11499, 30, 62, 6, 2)
(11500, 11, 50, 2, 7)
(11501, 46, 10, 8, 2)
(11502, 22, 56, 2, 5)
(11503, 3, 47, 8, 4)
(11504, 63, 20, 8, 6)
(11505, 15, 52, 4, 1)
(11506, 32, 64, 2, 1)
(11507, 13, 47, 4, 10)
(11508, 15, 50, 2, 1)
(11509, 49, 17, 6, 7)
(11510, 16, 64, 8, 7)
(11511, 19, 61, 2, 1)
(11512, 28, 62, 2, 10)
(11513, 53, 17, 6, 8)
(11514, 29, 62, 4, 7)
(11515, 52, 5, 6, 3)
(11516, 24, 56, 4, 7)
(11517, 45, 12, 2, 3)
(11518, 2, 48, 6, 7)
(11519, 59, 1, 6, 5)
(11520, 13, 46, 8, 2)
(11521, 57, 12, 4, 8)
(11522, 17, 51, 4, 10)
(11523, 11, 50, 6, 2)
(11524, 57, 7, 8, 9)
(11525, 25, 64, 2, 5)
(11526, 32, 64, 4, 5)
(11527, 7, 62, 8, 3)
(11528, 33, 1, 4, 1)
(11529, 40, 5, 6, 1)
(11530, 8, 57, 4, 9)
(11531, 15, 62, 4, 10)
(11532, 23, 61, 6, 7)
(11533, 62, 26, 8, 4)
(11534, 26, 60, 4, 10)
(11535, 5, 39, 6, 4)
(11536, 21, 55, 2, 8)
(11537, 19, 64, 2, 5)
(11538, 30, 63, 4, 7)
(11539, 54, 19, 6, 3)
(11540, 23, 57, 8, 5)
(11541, 32, 64, 8, 4)
(11542, 52, 1, 8, 5)
(11543, 49, 7, 2, 4)
(11544, 10, 51, 6, 1)
(11545, 19, 55, 6, 3)
(11546, 8, 44, 6, 5)
(11547, 48, 11, 4, 10)
(11548, 2, 58, 2, 8)
(11549, 1, 39, 6, 1)
(11550, 53, 17, 8, 5)
(11551, 5, 60, 6, 2)
(11552, 8, 42, 6, 3)
(11553, 19, 63, 2, 7)
(11554, 19, 63, 4, 3)
(11555, 25, 64, 8, 3)
(11556, 55, 8, 4, 6)
(11557, 18, 51, 2, 4)
(11558, 62, 27, 2, 5)
(11559, 12, 60, 2, 7)
(11560, 22, 63, 6, 4)
(11561, 40, 8, 6, 4)
(11562, 47, 11, 4, 10)
(11563, 60, 14, 2, 6)
(11564, 22, 63, 8, 7)
(11565, 20, 56, 2, 3)
(11566, 4, 48, 2, 3)
(11567, 56, 23, 8, 4)
(11568, 27, 61, 8, 3)
(11569, 52, 1, 6, 7)
(11570, 4, 39, 6, 8)
(11571, 43, 10, 6, 7)
(11572, 42, 3, 2, 2)
(11573, 20, 55, 2, 10)
(11574, 11, 57, 8, 6)
(11575, 11, 48, 2, 3)
(11576, 56, 5, 2, 1)
(11577, 51, 15, 6, 3)
(11578, 15, 51, 2, 4)
(11579, 60, 27, 8, 10)
(11580, 10, 56, 4, 1)
(11581, 11, 43, 2, 10)
(11582, 17, 58, 6, 7)
(11583, 32, 64, 8, 3)
(11584, 46, 3, 6, 5)
(11585, 50, 16, 2, 6)
(11586, 37, 4, 2, 8)
(11587, 36, 3, 2, 2)
(11588, 47, 7, 2, 2)
(11589, 55, 8, 8, 8)
(11590, 64, 5, 2, 10)
(11591, 41, 7, 4, 1)
(11592, 60, 22, 8, 3)
(11593, 41, 4, 8, 2)
(11594, 20, 53, 4, 1)
(11595, 49, 7, 8, 7)
(11596, 25, 59, 8, 7)
(11597, 29, 62, 8, 2)
(11598, 5, 60, 2, 6)
(11599, 54, 21, 8, 5)
(11600, 14, 48, 4, 9)
(11601, 5, 42, 4, 9)
(11602, 27, 60, 2, 4)
(11603, 44, 1, 4, 9)
(11604, 59, 27, 8, 7)
(11605, 23, 62, 4, 1)
(11606, 52, 17, 4, 8)
(11607, 38, 4, 4, 4)
(11608, 49, 9, 4, 2)
(11609, 44, 7, 4, 1)
(11610, 34, 2, 8, 9)
(11611, 7, 58, 6, 4)
(11612, 14, 57, 2, 8)
(11613, 35, 2, 6, 9)
(11614, 34, 1, 2, 7)
(11615, 44, 3, 8, 2)
(11616, 21, 54, 6, 1)
(11617, 21, 60, 6, 5)
(11618, 38, 2, 6, 2)
(11619, 35, 1, 8, 4)
(11620, 47, 10, 2, 10)
(11621, 58, 7, 2, 8)
(11622, 27, 61, 8, 4)
(11623, 8, 46, 8, 8)
(11624, 13, 46, 8, 5)
(11625, 55, 3, 8, 7)
(11626, 59, 26, 4, 6)
(11627, 1, 60, 8, 4)
(11628, 51, 1, 8, 3)
(11629, 3, 43, 8, 3)
(11630, 22, 62, 6, 7)
(11631, 42, 8, 2, 6)
(11632, 61, 17, 6, 6)
(11633, 61, 13, 2, 2)
(11634, 15, 57, 2, 8)
(11635, 18, 58, 4, 9)
(11636, 54, 6, 8, 5)
(11637, 35, 2, 2, 9)
(11638, 17, 56, 6, 6)
(11639, 12, 61, 4, 7)
(11640, 49, 7, 6, 6)
(11641, 22, 59, 8, 8)
(11642, 36, 2, 4, 10)
(11643, 58, 25, 8, 9)
(11644, 31, 63, 4, 9)
(11645, 41, 5, 2, 5)
(11646, 63, 12, 6, 10)
(11647, 13, 50, 2, 7)
(11648, 23, 59, 4, 9)
(11649, 13, 61, 2, 7)
(11650, 9, 64, 2, 8)
(11651, 32, 64, 6, 10)
(11652, 30, 64, 4, 4)
(11653, 15, 55, 8, 5)
(11654, 25, 64, 6, 5)
(11655, 56, 2, 2, 8)
(11656, 26, 61, 2, 7)
(11657, 56, 6, 8, 1)
(11658, 1, 37, 4, 4)
(11659, 50, 12, 4, 1)
(11660, 39, 3, 8, 4)
(11661, 8, 47, 6, 4)
(11662, 1, 61, 6, 7)
(11663, 35, 1, 8, 7)
(11664, 45, 12, 2, 3)
(11665, 8, 58, 4, 6)
(11666, 1, 42, 4, 6)
(11667, 52, 7, 2, 9)
(11668, 30, 63, 6, 9)
(11669, 30, 63, 4, 8)
(11670, 30, 64, 6, 2)
(11671, 15, 53, 2, 8)
(11672, 59, 11, 4, 1)
(11673, 18, 59, 8, 8)
(11674, 55, 20, 6, 8)
(11675, 61, 24, 4, 6)
(11676, 45, 4, 2, 10)
(11677, 3, 46, 4, 9)
(11678, 27, 63, 6, 8)
(11679, 9, 45, 8, 2)
(11680, 10, 43, 8, 7)
(11681, 38, 4, 8, 1)
(11682, 43, 11, 6, 4)
(11683, 37, 3, 8, 2)
(11684, 17, 52, 2, 3)
(11685, 4, 58, 8, 2)
(11686, 6, 41, 6, 2)
(11687, 26, 64, 8, 6)
(11688, 27, 64, 4, 7)
(11689, 31, 64, 4, 5)
(11690, 49, 1, 2, 10)
(11691, 8, 63, 6, 4)
(11692, 57, 23, 8, 9)
(11693, 46, 11, 6, 9)
(11694, 8, 48, 8, 5)
(11695, 53, 2, 2, 4)
(11696, 3, 54, 4, 1)
(11697, 29, 62, 6, 1)
(11698, 43, 9, 2, 10)
(11699, 6, 39, 4, 4)
(11700, 34, 2, 2, 2)
(11701, 6, 64, 4, 1)
(11702, 14, 51, 6, 3)
(11703, 21, 55, 6, 4)
(11704, 61, 12, 6, 9)
(11705, 34, 1, 4, 4)
(11706, 50, 13, 2, 10)
(11707, 16, 54, 2, 9)
(11708, 61, 7, 6, 4)
(11709, 57, 4, 4, 1)
(11710, 18, 61, 2, 8)
(11711, 37, 3, 4, 4)
(11712, 50, 10, 4, 5)
(11713, 31, 64, 6, 9)
(11714, 7, 41, 4, 1)
(11715, 43, 3, 2, 9)
(11716, 6, 50, 2, 1)
(11717, 64, 1, 6, 7)
(11718, 29, 64, 8, 6)
(11719, 61, 13, 2, 2)
(11720, 32, 64, 6, 5)
(11721, 34, 1, 2, 6)
(11722, 45, 3, 4, 2)
(11723, 28, 62, 2, 2)
(11724, 30, 63, 4, 1)
(11725, 18, 63, 2, 4)
(11726, 37, 5, 6, 6)
(11727, 45, 8, 6, 1)
(11728, 5, 41, 4, 4)
(11729, 33, 1, 8, 10)
(11730, 57, 8, 4, 10)
(11731, 29, 61, 8, 2)
(11732, 23, 59, 4, 7)
(11733, 44, 5, 2, 6)
(11734, 46, 11, 6, 1)
(11735, 7, 43, 4, 1)
(11736, 59, 16, 8, 1)
(11737, 49, 12, 4, 2)
(11738, 7, 50, 2, 4)
(11739, 3, 48, 6, 9)
(11740, 14, 57, 8, 8)
(11741, 53, 3, 8, 4)
(11742, 14, 51, 2, 9)
(11743, 47, 2, 2, 1)
(11744, 47, 15, 2, 3)
(11745, 5, 63, 6, 5)
(11746, 36, 4, 6, 4)
(11747, 10, 51, 6, 7)
(11748, 59, 19, 4, 4)
(11749, 19, 52, 4, 5)
(11750, 8, 46, 8, 8)
(11751, 59, 24, 4, 7)
(11752, 47, 9, 6, 5)
(11753, 14, 59, 4, 7)
(11754, 54, 5, 4, 2)
(11755, 61, 16, 4, 1)
(11756, 57, 2, 2, 2)
(11757, 31, 64, 4, 4)
(11758, 51, 14, 2, 6)
(11759, 21, 64, 8, 2)
(11760, 33, 1, 8, 4)
(11761, 53, 17, 8, 10)
(11762, 61, 24, 2, 3)
(11763, 30, 63, 2, 3)
(11764, 31, 63, 6, 8)
(11765, 48, 6, 8, 2)
(11766, 52, 13, 8, 3)
(11767, 43, 11, 8, 1)
(11768, 9, 41, 6, 6)
(11769, 48, 9, 6, 1)
(11770, 26, 62, 4, 4)
(11771, 7, 55, 2, 8)
(11772, 8, 56, 4, 8)
(11773, 21, 62, 4, 6)
(11774, 13, 59, 4, 3)
(11775, 2, 63, 4, 5)
(11776, 9, 56, 4, 1)
(11777, 19, 61, 2, 2)
(11778, 56, 11, 8, 7)
(11779, 60, 17, 2, 7)
(11780, 57, 11, 8, 4)
(11781, 58, 19, 4, 8)
(11782, 40, 2, 4, 9)
(11783, 36, 3, 8, 1)
(11784, 20, 55, 8, 2)
(11785, 48, 10, 2, 10)
(11786, 59, 10, 8, 5)
(11787, 43, 2, 4, 1)
(11788, 10, 45, 6, 2)
(11789, 50, 18, 8, 5)
(11790, 48, 15, 8, 4)
(11791, 25, 61, 4, 4)
(11792, 8, 64, 8, 9)
(11793, 25, 63, 8, 6)
(11794, 62, 28, 6, 1)
(11795, 60, 24, 4, 2)
(11796, 56, 13, 2, 10)
(11797, 41, 8, 4, 10)
(11798, 37, 5, 6, 8)
(11799, 59, 17, 4, 2)
(11800, 2, 37, 4, 3)
(11801, 42, 5, 6, 8)
(11802, 18, 61, 6, 8)
(11803, 16, 48, 2, 10)
(11804, 36, 1, 6, 8)
(11805, 13, 57, 4, 8)
(11806, 13, 63, 8, 5)
(11807, 4, 58, 6, 1)
(11808, 23, 57, 2, 5)
(11809, 21, 58, 4, 2)
(11810, 6, 59, 8, 3)
(11811, 40, 6, 8, 9)
(11812, 29, 62, 2, 4)
(11813, 1, 61, 2, 8)
(11814, 41, 1, 8, 4)
(11815, 61, 29, 4, 7)
(11816, 25, 59, 6, 9)
(11817, 58, 23, 8, 1)
(11818, 17, 51, 6, 2)
(11819, 7, 46, 8, 4)
(11820, 35, 2, 2, 8)
(11821, 20, 64, 2, 3)
(11822, 17, 60, 2, 7)
(11823, 30, 64, 4, 8)
(11824, 25, 61, 2, 2)
(11825, 48, 6, 2, 8)
(11826, 13, 48, 8, 5)
(11827, 42, 2, 8, 7)
(11828, 43, 10, 2, 7)
(11829, 45, 5, 8, 4)
(11830, 33, 1, 4, 2)
(11831, 15, 63, 8, 8)
(11832, 19, 51, 8, 5)
(11833, 42, 8, 8, 1)
(11834, 57, 5, 8, 8)
(11835, 31, 63, 8, 10)
(11836, 49, 17, 2, 8)
(11837, 50, 16, 4, 1)
(11838, 9, 43, 6, 3)
(11839, 60, 22, 6, 10)
(11840, 40, 2, 4, 5)
(11841, 14, 59, 8, 1)
(11842, 24, 61, 8, 5)
(11843, 55, 8, 6, 10)
(11844, 2, 37, 6, 6)
(11845, 19, 54, 2, 9)
(11846, 57, 21, 6, 9)
(11847, 37, 5, 6, 3)
(11848, 58, 21, 2, 6)
(11849, 41, 9, 4, 3)
(11850, 44, 9, 6, 3)
(11851, 36, 4, 4, 2)
(11852, 42, 4, 4, 8)
(11853, 56, 19, 4, 7)
(11854, 5, 43, 8, 3)
(11855, 46, 8, 6, 10)
(11856, 44, 1, 4, 9)
(11857, 14, 47, 8, 3)
(11858, 1, 48, 2, 4)
(11859, 26, 64, 4, 2)
(11860, 7, 55, 6, 8)
(11861, 52, 10, 6, 7)
(11862, 48, 4, 8, 4)
(11863, 47, 11, 4, 3)
(11864, 31, 64, 6, 9)
(11865, 20, 61, 2, 1)
(11866, 30, 63, 6, 2)
(11867, 36, 3, 4, 8)
(11868, 47, 11, 6, 2)
(11869, 24, 63, 4, 6)
(11870, 47, 13, 6, 2)
(11871, 54, 9, 2, 8)
(11872, 31, 63, 4, 8)
(11873, 62, 3, 6, 4)
(11874, 4, 63, 6, 4)
(11875, 42, 5, 4, 4)
(11876, 41, 3, 4, 5)
(11877, 52, 3, 2, 10)
(11878, 56, 22, 4, 1)
(11879, 10, 56, 2, 7)
(11880, 49, 3, 8, 1)
(11881, 53, 1, 4, 2)
(11882, 43, 3, 4, 9)
(11883, 35, 3, 6, 10)
(11884, 40, 5, 4, 8)
(11885, 55, 14, 6, 1)
(11886, 50, 10, 8, 7)
(11887, 21, 56, 6, 3)
(11888, 5, 57, 6, 7)
(11889, 16, 51, 6, 5)
(11890, 61, 5, 8, 2)
(11891, 20, 64, 2, 6)
(11892, 41, 5, 2, 3)
(11893, 16, 49, 6, 8)
(11894, 1, 50, 2, 5)
(11895, 64, 3, 6, 2)
(11896, 19, 64, 2, 8)
(11897, 32, 64, 8, 4)
(11898, 24, 64, 8, 2)
(11899, 26, 59, 8, 7)
(11900, 20, 56, 6, 9)
(11901, 11, 54, 2, 5)
(11902, 31, 63, 2, 9)
(11903, 23, 61, 4, 6)
(11904, 60, 24, 8, 2)
(11905, 31, 64, 6, 3)
(11906, 49, 17, 6, 2)
(11907, 38, 2, 6, 9)
(11908, 52, 5, 2, 7)
(11909, 37, 1, 6, 10)
(11910, 36, 1, 8, 9)
(11911, 25, 61, 8, 2)
(11912, 17, 57, 4, 2)
(11913, 19, 58, 4, 8)
(11914, 12, 52, 4, 4)
(11915, 49, 5, 4, 4)
(11916, 45, 7, 2, 1)
(11917, 33, 1, 6, 3)
(11918, 22, 59, 2, 1)
(11919, 6, 58, 8, 10)
(11920, 4, 39, 6, 9)
(11921, 44, 12, 2, 10)
(11922, 26, 60, 8, 9)
(11923, 7, 48, 4, 5)
(11924, 57, 11, 6, 10)
(11925, 50, 18, 4, 4)
(11926, 9, 61, 4, 5)
(11927, 60, 7, 6, 10)
(11928, 25, 63, 4, 5)
(11929, 2, 50, 2, 5)
(11930, 1, 43, 6, 7)
(11931, 42, 6, 6, 4)
(11932, 22, 64, 4, 4)
(11933, 17, 61, 8, 6)
(11934, 55, 7, 4, 9)
(11935, 38, 3, 2, 7)
(11936, 31, 64, 4, 8)
(11937, 51, 5, 4, 7)
(11938, 63, 14, 2, 7)
(11939, 6, 55, 2, 8)
(11940, 3, 45, 8, 8)
(11941, 48, 4, 4, 3)
(11942, 48, 9, 4, 10)
(11943, 22, 62, 2, 10)
(11944, 33, 1, 8, 5)
(11945, 4, 56, 8, 2)
(11946, 35, 2, 4, 10)
(11947, 44, 2, 4, 10)
(11948, 34, 1, 6, 5)
(11949, 38, 1, 8, 10)
(11950, 41, 9, 6, 1)
(11951, 41, 6, 6, 10)
(11952, 55, 15, 2, 2)
(11953, 42, 6, 2, 10)
(11954, 24, 63, 4, 4)
(11955, 47, 8, 2, 8)
(11956, 21, 53, 4, 2)
(11957, 40, 4, 8, 4)
(11958, 52, 12, 2, 3)
(11959, 39, 4, 6, 1)
(11960, 23, 59, 8, 3)
(11961, 53, 17, 4, 10)
(11962, 19, 59, 4, 4)
(11963, 57, 22, 2, 10)
(11964, 13, 58, 8, 8)
(11965, 27, 59, 6, 1)
(11966, 5, 37, 6, 10)
(11967, 17, 57, 4, 3)
(11968, 17, 62, 6, 10)
(11969, 43, 6, 2, 4)
(11970, 54, 22, 6, 9)
(11971, 52, 20, 2, 4)
(11972, 44, 6, 2, 9)
(11973, 63, 20, 8, 6)
(11974, 56, 6, 6, 6)
(11975, 53, 10, 4, 2)
(11976, 41, 8, 6, 5)
(11977, 21, 62, 2, 3)
(11978, 14, 49, 4, 6)
(11979, 53, 17, 4, 8)
(11980, 37, 4, 2, 6)
(11981, 54, 15, 4, 6)
(11982, 48, 3, 2, 8)
(11983, 47, 11, 4, 6)
(11984, 43, 11, 6, 9)
(11985, 53, 4, 6, 7)
(11986, 9, 57, 4, 4)
(11987, 43, 1, 8, 6)
(11988, 25, 60, 8, 4)
(11989, 8, 50, 2, 7)
(11990, 12, 49, 2, 5)
(11991, 40, 3, 2, 6)
(11992, 54, 18, 4, 1)
(11993, 45, 6, 2, 10)
(11994, 24, 57, 4, 10)
(11995, 30, 63, 6, 5)
(11996, 5, 59, 8, 2)
(11997, 48, 13, 4, 1)
(11998, 22, 60, 6, 10)
(11999, 38, 3, 6, 2)
(12000, 14, 58, 4, 3)
(12001, 9, 51, 8, 6)
(12002, 39, 4, 2, 4)
(12003, 32, 64, 8, 5)
(12004, 48, 4, 6, 7)
(12005, 20, 57, 2, 2)
(12006, 37, 3, 2, 6)
(12007, 25, 62, 2, 7)
(12008, 42, 6, 2, 8)
(12009, 60, 23, 2, 4)
(12010, 4, 37, 2, 8)
(12011, 28, 63, 4, 2)
(12012, 12, 64, 2, 3)
(12013, 24, 59, 8, 9)
(12014, 52, 13, 6, 2)
(12015, 30, 62, 6, 1)
(12016, 2, 35, 8, 2)
(12017, 17, 64, 2, 5)
(12018, 21, 53, 2, 3)
(12019, 42, 1, 8, 7)
(12020, 21, 61, 4, 5)
(12021, 53, 17, 6, 5)
(12022, 56, 19, 4, 7)
(12023, 48, 4, 4, 7)
(12024, 14, 55, 6, 1)
(12025, 46, 10, 2, 1)
(12026, 33, 1, 4, 6)
(12027, 40, 8, 2, 9)
(12028, 18, 51, 4, 3)
(12029, 16, 53, 6, 1)
(12030, 19, 62, 8, 2)
(12031, 28, 63, 8, 10)
(12032, 2, 62, 8, 8)
(12033, 11, 58, 6, 7)
(12034, 21, 58, 2, 6)
(12035, 33, 1, 6, 7)
(12036, 60, 11, 2, 6)
(12037, 19, 60, 8, 4)
(12038, 59, 2, 4, 8)
(12039, 40, 3, 8, 2)
(12040, 25, 64, 6, 3)
(12041, 30, 63, 8, 3)
(12042, 46, 9, 2, 2)
(12043, 12, 52, 4, 1)
(12044, 41, 3, 2, 3)
(12045, 57, 22, 4, 1)
(12046, 2, 52, 8, 4)
(12047, 22, 60, 8, 1)
(12048, 12, 61, 4, 4)
(12049, 55, 12, 2, 8)
(12050, 15, 60, 2, 4)
(12051, 12, 55, 4, 10)
(12052, 26, 59, 8, 10)
(12053, 15, 48, 2, 1)
(12054, 20, 58, 6, 6)
(12055, 26, 61, 6, 2)
(12056, 38, 5, 6, 6)
(12057, 48, 5, 2, 7)
(12058, 34, 2, 2, 1)
(12059, 7, 63, 2, 3)
(12060, 41, 1, 2, 10)
(12061, 46, 10, 6, 5)
(12062, 38, 6, 2, 5)
(12063, 54, 17, 2, 9)
(12064, 45, 12, 8, 4)
(12065, 42, 9, 8, 4)
(12066, 23, 63, 4, 6)
(12067, 49, 15, 8, 3)
(12068, 26, 62, 6, 7)
(12069, 5, 54, 6, 1)
(12070, 34, 2, 4, 4)
(12071, 35, 3, 6, 8)
(12072, 20, 63, 6, 3)
(12073, 20, 63, 4, 5)
(12074, 39, 5, 4, 7)
(12075, 55, 9, 8, 4)
(12076, 60, 14, 8, 1)
(12077, 22, 62, 4, 7)
(12078, 15, 56, 2, 5)
(12079, 21, 55, 8, 6)
(12080, 53, 7, 6, 1)
(12081, 57, 10, 2, 6)
(12082, 61, 28, 6, 1)
(12083, 36, 1, 2, 8)
(12084, 16, 50, 6, 7)
(12085, 38, 1, 6, 6)
(12086, 62, 26, 2, 3)
(12087, 46, 10, 6, 9)
(12088, 2, 56, 6, 5)
(12089, 48, 7, 4, 2)
(12090, 17, 57, 8, 5)
(12091, 62, 12, 6, 4)
(12092, 30, 64, 4, 3)
(12093, 61, 27, 8, 10)
(12094, 13, 62, 8, 6)
(12095, 39, 4, 6, 9)
(12096, 58, 9, 4, 1)
(12097, 47, 10, 4, 2)
(12098, 31, 64, 2, 8)
(12099, 5, 57, 4, 2)
(12100, 64, 13, 6, 4)
(12101, 45, 5, 8, 7)
(12102, 32, 64, 4, 5)
(12103, 58, 9, 4, 1)
(12104, 56, 14, 4, 8)
(12105, 30, 62, 2, 7)
(12106, 11, 54, 8, 6)
(12107, 39, 5, 6, 9)
(12108, 33, 1, 6, 9)
(12109, 63, 21, 6, 3)
(12110, 30, 63, 2, 5)
(12111, 29, 64, 4, 10)
(12112, 59, 14, 2, 7)
(12113, 61, 18, 8, 10)
(12114, 42, 3, 2, 9)
(12115, 23, 60, 4, 3)
(12116, 9, 46, 8, 1)
(12117, 47, 14, 6, 9)
(12118, 54, 19, 2, 8)
(12119, 46, 11, 6, 5)
(12120, 34, 2, 4, 7)
(12121, 38, 2, 2, 1)
(12122, 11, 51, 6, 2)
(12123, 46, 6, 4, 4)
(12124, 11, 63, 2, 1)
(12125, 52, 18, 2, 8)
(12126, 63, 3, 8, 6)
(12127, 21, 53, 2, 7)
(12128, 18, 51, 4, 6)
(12129, 35, 1, 4, 5)
(12130, 25, 64, 2, 6)
(12131, 37, 1, 2, 5)
(12132, 32, 64, 2, 3)
(12133, 34, 1, 2, 7)
(12134, 1, 45, 4, 7)
(12135, 24, 61, 4, 6)
(12136, 26, 61, 2, 2)
(12137, 22, 62, 6, 6)
(12138, 58, 14, 8, 1)
(12139, 18, 57, 4, 1)
(12140, 49, 12, 6, 3)
(12141, 21, 58, 6, 4)
(12142, 17, 54, 2, 2)
(12143, 37, 4, 8, 9)
(12144, 62, 28, 8, 6)
(12145, 30, 63, 8, 10)
(12146, 39, 3, 6, 7)
(12147, 29, 63, 6, 9)
(12148, 24, 62, 8, 4)
(12149, 57, 10, 4, 9)
(12150, 50, 18, 2, 8)
(12151, 21, 60, 2, 5)
(12152, 11, 57, 8, 1)
(12153, 63, 26, 4, 4)
(12154, 13, 53, 8, 5)
(12155, 6, 42, 8, 7)
(12156, 47, 15, 8, 2)
(12157, 7, 45, 6, 3)
(12158, 35, 3, 2, 10)
(12159, 13, 55, 2, 3)
(12160, 56, 17, 8, 8)
(12161, 53, 15, 6, 9)
(12162, 53, 15, 2, 6)
(12163, 64, 4, 8, 2)
(12164, 32, 64, 6, 3)
(12165, 48, 2, 2, 10)
(12166, 40, 4, 6, 3)
(12167, 34, 1, 8, 5)
(12168, 29, 63, 8, 6)
(12169, 61, 11, 4, 7)
(12170, 59, 3, 2, 9)
(12171, 30, 64, 4, 3)
(12172, 20, 59, 2, 7)
(12173, 45, 8, 6, 8)
(12174, 45, 6, 2, 10)
(12175, 11, 61, 8, 5)
(12176, 46, 1, 2, 5)
(12177, 58, 1, 6, 3)
(12178, 31, 63, 2, 3)
(12179, 9, 44, 6, 9)
(12180, 7, 52, 2, 9)
(12181, 37, 3, 2, 10)
(12182, 20, 64, 2, 3)
(12183, 43, 1, 4, 4)
(12184, 30, 62, 4, 6)
(12185, 24, 61, 8, 8)
(12186, 51, 10, 8, 3)
(12187, 19, 57, 2, 3)
(12188, 55, 8, 6, 2)
(12189, 58, 8, 6, 4)
(12190, 49, 3, 2, 1)
(12191, 23, 61, 2, 4)
(12192, 44, 12, 6, 2)
(12193, 38, 5, 2, 4)
(12194, 9, 46, 6, 9)
(12195, 6, 61, 8, 10)
(12196, 50, 9, 8, 3)
(12197, 52, 16, 2, 5)
(12198, 54, 4, 2, 5)
(12199, 22, 56, 8, 8)
(12200, 49, 15, 8, 2)
(12201, 56, 16, 8, 4)
(12202, 43, 7, 4, 2)
(12203, 41, 4, 4, 4)
(12204, 32, 64, 8, 7)
(12205, 34, 1, 6, 9)
(12206, 14, 58, 6, 9)
(12207, 20, 63, 8, 2)
(12208, 10, 61, 2, 6)
(12209, 32, 64, 8, 4)
(12210, 19, 62, 2, 2)
(12211, 56, 18, 8, 8)
(12212, 56, 18, 8, 5)
(12213, 28, 62, 8, 4)
(12214, 24, 58, 6, 3)
(12215, 15, 61, 8, 4)
(12216, 24, 61, 4, 9)
(12217, 54, 3, 2, 6)
(12218, 5, 58, 8, 10)
(12219, 15, 64, 2, 1)
(12220, 46, 8, 2, 3)
(12221, 1, 55, 6, 10)
(12222, 32, 64, 6, 10)
(12223, 64, 21, 8, 8)
(12224, 42, 2, 2, 2)
(12225, 29, 61, 8, 7)
(12226, 55, 12, 6, 5)
(12227, 46, 11, 6, 2)
(12228, 40, 6, 8, 6)
(12229, 46, 5, 4, 7)
(12230, 45, 2, 8, 4)
(12231, 59, 13, 6, 1)
(12232, 50, 16, 4, 6)
(12233, 7, 42, 6, 6)
(12234, 64, 1, 2, 3)
(12235, 24, 57, 2, 8)
(12236, 21, 63, 8, 10)
(12237, 8, 46, 4, 6)
(12238, 31, 64, 6, 4)
(12239, 2, 43, 4, 5)
(12240, 16, 54, 4, 10)
(12241, 34, 1, 2, 10)
(12242, 21, 54, 4, 5)
(12243, 45, 7, 2, 6)
(12244, 22, 63, 8, 7)
(12245, 30, 63, 2, 4)
(12246, 27, 63, 2, 7)
(12247, 2, 59, 6, 8)
(12248, 55, 12, 6, 6)
(12249, 33, 1, 6, 8)
(12250, 57, 23, 2, 6)
(12251, 62, 19, 8, 7)
(12252, 56, 10, 6, 5)
(12253, 8, 46, 2, 5)
(12254, 28, 60, 4, 10)
(12255, 11, 58, 4, 1)
(12256, 16, 57, 4, 1)
(12257, 27, 62, 8, 8)
(12258, 45, 2, 2, 1)
(12259, 47, 12, 6, 5)
(12260, 1, 42, 6, 3)
(12261, 22, 58, 4, 7)
(12262, 56, 4, 2, 9)
(12263, 7, 43, 8, 4)
(12264, 59, 3, 8, 9)
(12265, 39, 1, 6, 10)
(12266, 36, 3, 2, 7)
(12267, 35, 3, 6, 10)
(12268, 1, 55, 8, 7)
(12269, 54, 8, 6, 2)
(12270, 64, 24, 8, 10)
(12271, 17, 62, 6, 1)
(12272, 16, 57, 4, 5)
(12273, 23, 56, 4, 9)
(12274, 8, 53, 8, 6)
(12275, 55, 13, 4, 5)
(12276, 29, 64, 4, 7)
(12277, 38, 4, 2, 10)
(12278, 60, 26, 6, 2)
(12279, 38, 6, 2, 3)
(12280, 64, 17, 6, 7)
(12281, 16, 61, 2, 10)
(12282, 43, 2, 6, 9)
(12283, 44, 4, 4, 2)
(12284, 52, 2, 8, 4)
(12285, 1, 53, 6, 2)
(12286, 13, 62, 6, 2)
(12287, 6, 59, 4, 5)
(12288, 56, 24, 8, 7)
(12289, 28, 63, 8, 1)
(12290, 33, 1, 6, 10)
(12291, 33, 1, 2, 3)
(12292, 38, 5, 6, 5)
(12293, 8, 61, 8, 9)
(12294, 23, 55, 8, 3)
(12295, 24, 61, 2, 5)
(12296, 34, 1, 6, 1)
(12297, 8, 55, 6, 3)
(12298, 61, 20, 4, 8)
(12299, 64, 28, 2, 8)
(12300, 25, 59, 2, 5)
(12301, 63, 1, 4, 3)
(12302, 19, 63, 8, 2)
(12303, 61, 13, 4, 8)
(12304, 34, 2, 2, 7)
(12305, 62, 8, 4, 1)
(12306, 16, 62, 6, 6)
(12307, 54, 20, 2, 6)
(12308, 61, 8, 4, 8)
(12309, 19, 63, 6, 4)
(12310, 16, 57, 8, 4)
(12311, 10, 57, 4, 1)
(12312, 24, 57, 8, 5)
(12313, 52, 4, 6, 3)
(12314, 8, 56, 4, 8)
(12315, 9, 48, 4, 6)
(12316, 17, 63, 2, 1)
(12317, 41, 4, 2, 8)
(12318, 56, 6, 6, 1)
(12319, 33, 1, 2, 10)
(12320, 27, 63, 4, 7)
(12321, 27, 64, 6, 3)
(12322, 42, 2, 2, 8)
(12323, 26, 63, 8, 10)
(12324, 35, 3, 6, 5)
(12325, 53, 12, 6, 6)
(12326, 15, 59, 6, 5)
(12327, 53, 12, 6, 8)
(12328, 39, 2, 2, 1)
(12329, 45, 2, 4, 3)
(12330, 60, 20, 8, 1)
(12331, 36, 4, 4, 9)
(12332, 51, 8, 8, 4)
(12333, 63, 15, 4, 3)
(12334, 32, 64, 2, 6)
(12335, 6, 61, 2, 2)
(12336, 46, 4, 8, 10)
(12337, 58, 5, 4, 3)
(12338, 24, 58, 4, 10)
(12339, 31, 64, 4, 9)
(12340, 8, 43, 6, 3)
(12341, 20, 59, 4, 7)
(12342, 8, 48, 2, 10)
(12343, 33, 1, 6, 7)
(12344, 52, 12, 8, 10)
(12345, 3, 62, 6, 8)
(12346, 54, 21, 8, 4)
(12347, 32, 64, 6, 6)
(12348, 21, 54, 4, 7)
(12349, 24, 59, 2, 9)
(12350, 26, 58, 4, 9)
(12351, 32, 64, 2, 2)
(12352, 62, 27, 2, 5)
(12353, 48, 6, 4, 9)
(12354, 42, 2, 8, 3)
(12355, 8, 46, 4, 3)
(12356, 63, 2, 2, 9)
(12357, 64, 4, 6, 1)
(12358, 22, 57, 8, 5)
(12359, 27, 62, 6, 7)
(12360, 53, 4, 2, 4)
(12361, 23, 63, 2, 10)
(12362, 55, 22, 2, 6)
(12363, 29, 64, 2, 8)
(12364, 50, 3, 6, 3)
(12365, 61, 25, 4, 7)
(12366, 35, 1, 6, 1)
(12367, 26, 64, 4, 4)
(12368, 36, 2, 8, 6)
(12369, 42, 6, 4, 5)
(12370, 47, 4, 6, 10)
(12371, 51, 5, 2, 9)
(12372, 34, 2, 6, 6)
(12373, 34, 1, 8, 9)
(12374, 34, 2, 2, 9)
(12375, 36, 2, 2, 8)
(12376, 17, 59, 6, 8)
(12377, 61, 22, 8, 2)
(12378, 53, 7, 4, 9)
(12379, 23, 56, 8, 3)
(12380, 8, 52, 6, 4)
(12381, 11, 63, 8, 10)
(12382, 53, 1, 8, 5)
(12383, 12, 58, 8, 2)
(12384, 48, 7, 8, 5)
(12385, 32, 64, 4, 8)
(12386, 5, 60, 2, 4)
(12387, 8, 49, 4, 9)
(12388, 53, 3, 6, 1)
(12389, 49, 8, 6, 10)
(12390, 40, 6, 6, 6)
(12391, 54, 19, 6, 9)
(12392, 52, 20, 4, 7)
(12393, 34, 1, 6, 9)
(12394, 63, 1, 8, 5)
(12395, 59, 5, 2, 4)
(12396, 24, 58, 8, 6)
(12397, 24, 56, 4, 8)
(12398, 56, 12, 6, 5)
(12399, 55, 23, 8, 1)
(12400, 32, 64, 8, 6)
(12401, 40, 7, 8, 4)
(12402, 27, 63, 6, 4)
(12403, 18, 50, 4, 8)
(12404, 12, 45, 6, 2)
(12405, 56, 20, 4, 2)
(12406, 58, 23, 4, 6)
(12407, 10, 64, 4, 10)
(12408, 4, 54, 4, 7)
(12409, 17, 52, 8, 8)
(12410, 58, 13, 6, 9)
(12411, 18, 50, 8, 2)
(12412, 48, 7, 6, 1)
(12413, 10, 64, 6, 8)
(12414, 16, 50, 6, 9)
(12415, 48, 15, 4, 3)
(12416, 29, 64, 4, 7)
(12417, 61, 10, 6, 8)
(12418, 45, 2, 8, 1)
(12419, 45, 8, 8, 10)
(12420, 48, 6, 6, 2)
(12421, 56, 13, 2, 5)
(12422, 15, 51, 2, 5)
(12423, 44, 5, 6, 9)
(12424, 62, 28, 2, 9)
(12425, 3, 55, 2, 3)
(12426, 5, 44, 2, 9)